Clase numero: 1
intensidad_A1 = [0.6079787513806343, 0.7103823699573976, 0.5398411613106822, 0.6193656971545785]
intensidad_A2 = [0.0971794742418891, 0.08872798829406126, 0.08078947811023092, 0.0933952268025632]
intensidad_A3 = [0.015599484750438672, 0.0016684754495755276, 0.012485673425091031, 0.00789609810027081]
